381.2719	3.9144318	0.9288925	
382.44437	3.9105618	0.93151397	
383.62402	3.9073706	0.9335248	
384.81097	3.9048078	0.9349203	
386.0053	3.902824	0.9356972	
387.20706	3.9013708	0.9358537	
388.41632	3.9004004	0.93538934	
389.63318	3.8998668	0.93430525	
390.85767	3.899724	0.93260396	
392.08987	3.8999276	0.9302896	
393.3299	3.9004343	0.9273678	
394.57776	3.901202	0.92384565	
395.83356	3.902189	0.91973186	
397.0974	3.903356	0.9150364	
398.36935	3.9046643	0.90977085	
399.64948	3.9060767	0.9039483	
400.9378	3.9075572	0.89758295	
402.23453	3.9090717	0.89069027	
403.5396	3.9105875	0.8832872	
404.8532	3.9120734	0.87539154	
406.1754	3.9134998	0.86702234	
407.5063	3.914839	0.8581995	
408.8459	3.9160647	0.8489438	
410.19434	3.917153	0.83927685	
411.55167	3.9180803	0.82922137	
412.91806	3.9188268	0.81879926	
414.29352	3.919373	0.8080348	
415.67822	3.9197016	0.79695046	
417.07217	3.9197972	0.78557116	
418.4755	3.919646	0.77392054	
419.88834	3.9192362	0.76202214	
421.3107	3.918557	0.7499007	
422.74277	3.9176	0.7375791	
424.18457	3.916358	0.7250817	
425.6363	3.9148254	0.7124308	
427.09796	3.9129982	0.6996495	
428.56967	3.9108737	0.6867601	
430.0516	3.90845	0.67378384	
431.5438	3.9057274	0.6607421	
433.0464	3.9027069	0.64765483	
434.55948	3.8993905	0.6345416	
436.0832	3.8957813	0.6214208	
437.6176	3.8918834	0.6083109	
439.1629	3.8877017	0.5952287	
440.7191	3.883242	0.58219045	
442.28638	3.8785105	0.56921124	
443.86484	3.8735144	0.5563057	
445.4546	3.868261	0.54348755	
447.05582	3.8627584	0.5307687	
448.66855	3.857015	0.51816165	
450.29303	3.8510394	0.5056767	
451.92926	3.8448408	0.49332443	
453.57745	3.8384283	0.48111364	
455.23764	3.8318114	0.4690533	
456.9101	3.8249993	0.45715022	
458.59488	3.818002	0.44541186	
460.29214	3.8108284	0.43384397	
462.002	3.8034885	0.4224522	
463.7246	3.7959917	0.41124138	
465.4601	3.7883475	0.4002155	
467.20865	3.7805648	0.38937816	
468.97037	3.7726529	0.37873226	
470.74542	3.7646208	0.36828023	
472.53394	3.756477	0.35802403	
474.33612	3.7482305	0.34796485	
476.15216	3.739889	0.33810374	
477.9821	3.731461	0.3284416	
479.82617	3.7229543	0.31897816	
481.6845	3.7143764	0.3097136	
483.5573	3.7057345	0.30064732	
485.44473	3.6970363	0.29177856	
487.347	3.6882875	0.28310597	
489.2641	3.6794958	0.27462873	
491.19647	3.6706665	0.2663446	
493.1441	3.6618066	0.2582526	
495.10727	3.6529207	0.25035003	
497.08612	3.6440153	0.2426352	
499.08087	3.6350954	0.23510581	
501.09164	3.6261656	0.2277594	
503.1187	3.6172311	0.22059347	
505.16226	3.6082962	0.21360523	
507.22247	3.599365	0.20679216	
509.29956	3.590442	0.20015134	
511.3937	3.5815308	0.19368011	
513.5052	3.5726347	0.18737532	
515.63416	3.563758	0.18123426	
517.7808	3.554903	0.17525385	
519.94543	3.546073	0.16943105	
522.1283	3.5372713	0.16376291	
524.32947	3.5284998	0.15824641	
526.5494	3.5197616	0.15287848	
528.7881	3.5110588	0.1476562	
531.04596	3.5023937	0.14257649	
533.3231	3.4937682	0.13763642	
535.62	3.4851842	0.13283296	
537.93665	3.4766433	0.12816319	
540.2735	3.4681475	0.1236242	
542.63074	3.4596977	0.11921307	
545.0086	3.4512959	0.11492698	
547.4074	3.4429429	0.11076309	
549.82745	3.43464	0.10671867	
552.2689	3.426388	0.10279097	
554.73224	3.4181883	0.098977275	
557.2176	3.4100416	0.09527494	
559.72534	3.4019482	0.09168129	
562.25574	3.3939095	0.08819391	
564.80914	3.3859253	0.08481011	
567.3858	3.3779967	0.08152756	
569.98615	3.3701239	0.0783437	
572.61035	3.3623073	0.0752563	
575.2589	3.3545473	0.072262906	
577.932	3.346844	0.06936128	
580.6301	3.3391976	0.06654918	
583.3536	3.331608	0.06382439	
586.10266	3.324076	0.06118482	
588.87775	3.3166008	0.05862834	
591.67926	3.309183	0.05615288	
594.50757	3.301822	0.053756423	
597.36304	3.294518	0.051437043	
600.24603	3.2872708	0.049192812	
603.15704	3.28008	0.047021825	
606.09644	3.272946	0.044922225	
609.0646	3.2658677	0.042892307	
612.06195	3.2588453	0.040930208	
615.089	3.2518785	0.039034307	
618.14606	3.244967	0.037202902	
621.23376	3.2381098	0.035434306	
624.3524	3.2313073	0.033726994	
627.50256	3.2245586	0.032079373	
630.6846	3.2178636	0.03048996	
633.89905	3.2112212	0.028957224	
637.14655	3.2046316	0.02747972	
640.42737	3.1980937	0.026056059	
643.7423	3.1916072	0.024684811	
647.0916	3.1851718	0.023364682	
650.47595	3.1787865	0.022094315	
653.89594	3.172451	0.02087243	
657.35205	3.1661646	0.01969778	
660.8449	3.1599267	0.018569116	
664.37506	3.1537366	0.017485272	
667.9432	3.1475935	0.01644504	
671.54974	3.1414971	0.015447311	
675.1955	3.1354463	0.014490955	
678.8811	3.1294408	0.01357487	
682.6071	3.1234796	0.012698012	
686.37427	3.1175623	0.011859336	
690.1832	3.1116877	0.011057817	
694.0347	3.1058552	0.010292478	
697.92944	3.1000643	0.009562338	
701.8681	3.094314	0.008866459	
705.85144	3.0886037	0.00820392	
709.8803	3.0829325	0.0075738085	
713.95544	3.0772994	0.0069752494	
718.0775	3.071704	0.006407384	
722.24756	3.0661452	0.005869361	
726.4663	3.060622	0.00536036	
730.7346	3.0551338	0.004879579	
735.0534	3.0496798	0.004426228	
739.4235	3.0442588	0.0039995452	
743.84595	3.0388703	0.0035987736	
748.32153	3.0335133	0.0032231852	
752.8514	3.0281868	0.002872053	
757.43634	3.0228899	0.0025446836	
762.0775	3.0176215	0.002240386	
766.7759	3.0123808	0.0019584903	
771.5326	3.007167	0.0016983392	
776.34863	3.0019794	0.0014592919	
781.2252	2.9968162	0.0012407199	
786.16345	2.991677	0.0010420079	
791.1645	2.986561	8.625556E-4	
796.2296	2.9814668	7.0177607E-4	
801.3599	2.9763937	5.590944E-4	
806.5568	2.9713407	4.339452E-4	
811.8216	2.9663067	3.2577995E-4	
817.1555	2.9612908	2.3405907E-4	
822.55994	2.9562924	1.5825589E-4	
828.03644	2.9513106	9.785283E-5	
833.5863	2.9463446	5.2345422E-5	
839.21106	2.9413943	2.1239868E-5	
844.91223	2.9364595	4.0511773E-6	
850.6914	2.9315429	0.0	
856.5502	2.926646	0.0	
862.4901	2.9217603	0.0	
868.5132	2.9168813	0.0	
874.6209	2.9120057	0.0	
880.8151	2.9071302	0.0	
887.09766	2.9022524	0.0	
893.4705	2.8973694	0.0	